<백준 17472  테스트 케이스>
4 10
0 0 1 0 0 0 0 1 0 1
0 0 0 0 0 0 1 0 0 1
0 0 0 0 0 0 0 0 0 0
0 1 1 0 0 1 0 0 0 0
ans: -1

3 7
1 0 0 1 0 0 1
1 0 0 1 0 0 1
1 1 1 1 0 0 0
ans:2

1 6
1 0 1 0 0 1
ans -1

6 1
1
0
1
0
0
1
ans -1

5 10
0 0 0 0 0 0 0 0 0 0
0 0 0 0 0 1 0 0 0 0
1 0 1 0 0 1 0 1 0 1
1 1 1 0 0 0 0 1 1 1
1 1 1 1 1 1 1 1 1 1 
ans 2

5 5
1 0 1 0 1
0 1 1 0 0
0 0 1 1 0
0 0 0 1 1
0 0 0 0 1
ans -1

10 10
1 1 1 1 1 1 1 1 1 1
1 1 1 1 1 1 1 1 1 0
0 0 0 0 0 0 0 0 0 0
0 0 0 0 0 0 0 0 0 0
0 0 0 0 0 0 0 0 0 0
0 0 0 0 0 0 0 0 0 0
0 0 0 0 0 0 0 0 0 0
0 0 0 0 0 0 0 0 0 1
0 0 0 0 0 0 0 0 0 1
1 1 1 1 1 1 1 1 1 1
ans 6

6 10
1 1 1 1 1 1 1 1 1 1
1 0 0 0 0 0 1 0 0 0
1 0 1 0 0 0 1 0 0 1
1 0 1 0 0 0 1 0 0 1
0 0 1 0 0 0 0 0 0 1
1 1 1 1 1 1 1 1 1 1
ans 2
